L set:
[1.1423649815007986, 0.36794715598380545, -0.2261616420014323, 0.017478447067276193, -0.11351369276647594, -0.017473410383794796]
[0.5806019818599184, 0.1198629558994746, -0.5789868023150069, -0.7286603503216971, 0.10059984149974888, -0.339443451969601]
[0.6791653575785039, 0.005281913081844891, -0.16977970845832857, -0.4158447181446645, 0.09143989742383951, 0.03154091131798431]
[1.3942797702016563, -0.14152030165980323, 0.040599688560072345, 0.056248514916656944, 0.49511381117006703, -0.21516145137691067]
[0.5818618549439547, -0.17425088679666745, -0.565124200256939, -0.2507785777999927, 0.23665629329931992, -0.08710742701883989]
[0.8109462705120585, -0.03241990275094642, 0.09625714399328356, -0.04587228270362953, 0.41001384685135367, 0.48538280285301827]
[0.8063275420608917, 0.13780624862818058, -0.4512133069928481, -0.9121845100342862, 1.2880357778047635, -0.22025434804063826]
[0.789975565342127, -0.37559350278424386, -0.04620169272111507, -0.594800541714724, -0.04476588490742728, 0.3073943633080223]
[0.7254479395229607, 0.11559956311337771, -0.24576614146440967, -0.25329006384294805, 0.5044498085522209, 0.3068778931230032]
[0.9152790526439691, -0.3796270085562381, -0.29830694629607857, -0.458919468691954, 0.5463925860591967, 0.11342028214857969]
[0.5463925860591967, 0.11342028214857969, -0.5907559229970882, -0.6974319498375126, 0.3898836318379839, 0.19825738761274359]
B vector:
[1.6085788331083064,-0.0518004411331483,-0.6413941226817417,-0.8585278694831779,0.6172863137371993]
τ value:
1.4
% of positive vtarget:
54.55
% of negative vtarget:
45.45

-------------------------------

