-1.010289286111500484e+00 1.833463084878135696e+00 8.586831693146397271e-01 1.243189917255115517e+00 -1.449313434074988027e+00
8.428329116797472764e-01 1.527002299871566660e+00 -1.251695816897025360e+00 5.282498201246568215e-01 1.509024899660227348e-01
-1.455915417154833413e+00 -1.558242332923744033e+00 -9.607966667081542234e-01 4.276299847022344558e-01 -1.925764397485453028e+00
1.037132907656614922e+00 -1.981972905967844145e+00 -1.027229908064017039e+00 -8.718059177273560501e-01 -1.868143968475285632e+00
1.617109686775598298e+00 1.169300371481505341e+00 1.445012102141406629e+00 1.815945818642738629e+00 9.489105328330356137e-01
1.383634727249596352e+00 -1.255116108687630128e+00 -1.373701823141455503e+00 1.137499181451838037e+00 -4.828530950724982951e-01
2.733271740408613759e-01 -1.867381101761210083e+00 -1.230426867152934811e+00 1.126046949884717652e+00 1.915577141568403086e-01
-7.746259007198519342e-01 2.658679952216602693e-01 5.060756081043149557e-01 1.610478445311827045e+00 4.294655539067004923e-02
2.315243625316063536e-01 4.388900216271398591e-01 -8.070442650531761686e-01 1.571304355882626069e+00 1.463504933840661160e+00
1.127357438552966329e+00 1.523682265562444904e+00 -9.567811305923301646e-01 1.853171584611315037e+00 2.772372647172898219e-01
1.850856000703444693e+00 -1.611316287128546687e+00 -9.086354910922240791e-01 3.150226715490918039e-01 1.975487567717985726e+00
1.641180181804080984e+00 -8.398299055892617382e-01 1.487251915166845517e+00 -1.734948312541634063e+00 1.365574232510874175e+00
-2.170848333586654633e-01 7.180576708645363126e-01 -9.795620251168166703e-01 -1.087396793993374633e+00 -9.342447900049366538e-02
1.532916266911423797e+00 -5.302612718816002157e-01 1.794120198032152835e+00 -8.891483733846694548e-02 -2.730625940932021045e-01
-1.376614521107153877e+00 1.725388874481312840e+00 4.775517650969662853e-01 -1.193925957687974826e+00 -1.406646825860323080e+00
-1.605624548592885059e+00 9.516536867244926867e-01 -1.464908419317001886e+00 1.172484237680508912e-01 -1.441288062059207675e+00
7.511969107471125895e-01 -2.664300919353346231e-01 -1.118757618320223024e+00 -6.672747389946649399e-01 8.040502498464499048e-01
-1.666472714088328644e+00 1.977323643096597028e+00 -1.461342108561192177e+00 4.205890885102903098e-02 2.829308635521199378e-02
-4.568908430952363098e-01 -1.064725977285841285e+00 7.649195505116104243e-01 -1.518298550675936553e+00 1.997819581760173158e+00
1.668241457605168510e+00 -1.126655064021871766e+00 -8.533970809811446401e-01 -5.374726531757230141e-01 -1.166354691661018794e+00
-1.567633462760339658e+00 1.497300950716323520e+00 -9.405248244017725412e-01 -7.732438897894398089e-01 -1.829115217994108811e+00
-6.100725889183973294e-01 3.099347336126099250e-01 -3.537078959708406245e-02 1.062520601144958388e+00 -1.096585716497035623e+00
2.799639306996652977e-01 1.998479905458814265e-01 -1.916522387026806662e-01 -1.626333063791212119e+00 1.579110503140763289e+00
-1.050909351965489957e+00 4.803577710646296239e-01 -3.823052318098905111e-01 -7.391826643338585967e-01 -1.396973558589301501e+00
-2.740096332284447378e-01 2.274557927697680171e-01 -1.697632087078561280e+00 -1.642191680695757938e+00 -8.397947339235116715e-01
5.870384768320802138e-01 3.781491747475262954e-01 -3.818649028373775067e-01 -1.328601807790696476e+00 -5.380390605790674741e-02
-1.225187040525494986e+00 1.642685372161262425e+00 1.490722492825475864e+00 -1.232042260037760073e+00 5.111004815388620059e-02
-1.287156641373701227e+00 -1.628058432324710925e+00 1.003714485608050211e+00 3.981369105515120133e-01 5.780653984273094181e-01
-1.498472645781320001e+00 2.243158429224028083e-01 1.639044483592431600e+00 -2.815737249481609084e-02 1.910486414821716661e+00
1.613564835443550116e+00 -7.292285284396502476e-01 1.539267747340008707e+00 3.391840373869987602e-01 -1.649487160637531424e+00
-1.626756762503358100e+00 -3.425024949262858165e-01 -1.527628591719370821e+00 1.774676007638880559e+00 -1.009425179681676443e+00
-1.978359364112076690e+00 1.544112566387193297e+00 1.106828194018363742e+00 -1.674471850307964527e+00 1.521614031669002109e+00
6.673177879279355018e-01 -3.997439650856620119e-01 1.166337339292971009e-01 -4.774067929209175887e-01 -3.854478559312828345e-01
9.183266711676911775e-01 -4.881337508728935681e-01 3.516374392469860943e-01 -1.488216990112809057e+00 1.491972029259912347e+00
-1.490436080239027739e+00 -1.370945224866974232e+00 -3.615097608429276299e-01 -1.493084805654225633e+00 -1.286649417154475561e+00
-1.565770459222610711e+00 -8.618913530847818194e-01 7.401874393380833972e-01 1.055976657947461650e+00 1.686016160284605547e+00
1.980981949503376693e+00 4.668842227196186023e-01 8.285924052349029623e-01 -1.151199202834180202e+00 -4.564922572738550066e-01
-1.446149992217236058e+00 -3.504302903324463259e-02 2.269433960665252492e-01 -5.959702922565486283e-01 -9.831085711612601585e-01
5.525686078425677827e-01 -9.568684504195279494e-01 1.512306401679979206e+00 1.665745864715193036e+00 8.218899430365009806e-01
-1.152327204902568791e+00 5.411143749381350787e-01 1.461269041420520942e-01 -6.325676014369374656e-02 -6.721807878932626323e-01
6.111046124327224049e-03 -7.356228123171395517e-01 1.104411255802779213e+00 7.268361718842482055e-01 -3.893939127438716952e-02
2.856687269097610837e-01 -3.661949118353953203e-01 2.977431438137063680e-01 1.703042429641284716e+00 -1.746417712778595366e+00
1.608578833108306405e+00 -5.180044113314830057e-02 -6.413941226817416741e-01 -8.585278694831779411e-01 6.172863137371993325e-01
-7.370360218407698838e-01 -1.914472005493133455e+00 1.780613292004102455e+00 -8.049576437790673111e-02 2.902074380459658265e-01
-1.930242605267344924e+00 -6.341286740187634940e-01 -3.713492984845458977e-01 4.881538359803587745e-01 1.089419597330282929e+00
1.471953177252984801e-01 2.575895733595467973e-01 1.253150319686853198e+00 -1.413843850793329082e+00 -1.362733085470293481e+00
5.446533979827306027e-01 1.429011324408266503e+00 1.197223578303349800e+00 1.109389862482426103e+00 -1.812186952821032815e+00
1.929006364526378636e+00 -9.696590763226016207e-01 -2.298986821520512258e-01 7.267094145963848284e-01 -1.272597757218167480e+00
-4.669713790713894142e-01 -1.476074723804461808e+00 1.435560766346919426e+00 2.250169396149264145e-01 6.893158808634156642e-01
-1.711017922973583794e+00 5.739662154125051430e-01 1.265113361857223229e+00 -1.317914156550502369e+00 -9.752787624834349245e-01
